120
116
3 8 9.568
7 11 4.755
12 14 2.131
3 22 9.304
12 22 3.217
16 27 1.264
11 35 4.603
2 38 6.030
7 39 9.799
17 40 2.803
5 41 2.440
25 42 1.560
25 45 1.167
33 46 5.214
19 47 3.477
16 48 9.563
18 48 1.106
33 48 1.325
43 49 9.325
20 52 7.291
24 52 0.486
32 56 1.150
37 56 6.273
51 57 0.821
32 58 5.359
39 58 2.037
48 58 8.749
54 59 1.611
40 61 2.073
54 62 8.911
23 65 2.873
34 65 1.279
4 66 9.405
9 67 0.775
28 67 0.944
48 67 8.791
29 68 6.871
64 69 7.027
55 70 5.526
61 70 6.196
22 72 5.550
62 73 1.430
38 75 8.437
48 75 8.662
72 76 8.753
10 77 7.978
47 79 6.516
44 80 1.004
66 80 6.504
25 81 5.297
57 81 0.449
63 82 3.011
37 83 7.981
49 83 4.743
6 84 0.719
30 84 6.876
16 85 9.121
50 85 1.268
71 85 8.622
58 86 5.922
74 86 3.275
5 87 2.503
44 88 0.998
86 89 3.593
67 90 7.959
78 90 5.351
36 91 0.915
13 92 4.601
33 93 2.858
47 93 4.171
11 94 1.066
55 94 3.436
36 95 4.333
59 96 4.728
85 96 4.097
50 97 6.754
25 98 8.598
19 99 9.923
21 99 8.882
26 99 0.138
79 99 0.859
92 99 7.018
57 100 6.142
15 101 0.266
33 101 3.004
41 101 4.304
80 101 3.271
7 102 0.927
7 103 4.397
99 103 3.639
3 104 0.574
70 104 2.408
64 105 4.926
31 106 4.675
12 107 6.840
93 107 6.623
59 108 2.968
103 108 6.945
11 109 0.641
56 110 5.089
72 110 3.969
22 111 5.596
80 111 8.938
42 112 0.322
111 112 4.482
60 113 3.920
1 114 9.177
12 114 1.281
10 115 1.441
43 117 1.903
116 117 1.464
32 118 1.341
36 119 7.623
22 120 6.217
53 120 2.105
73 120 9.004
