  27: (11, 22) 0.3
   9: (5, 14) 0.4
   1: (2, 5) 0.9
   3: (3, 9) 1.0
   8: (8, 13) 1.0
  15: (10, 17) 1.2
  44: (26, 28) 1.2
  42: (16, 28) 1.3
  36: (16, 25) 1.3
  45: (10, 29) 1.9
  38: (23, 25) 1.9
  49: (26, 30) 1.9
  32: (19, 23) 2.4
  24: (8, 21) 2.9
  19: (3, 19) 3.1
  12: (1, 16) 3.5
  11: (11, 15) 3.7
   5: (4, 11) 4.3
  13: (2, 16) 4.4
  31: (7, 23) 4.4
  26: (9, 22) 4.4
  23: (14, 20) 4.5
  33: (17, 24) 4.6
  17: (2, 18) 4.8
  28: (12, 22) 5.0
  35: (13, 25) 5.3
  48: (6, 30) 5.5
  40: (10, 27) 6.0
  37: (17, 25) 6.6
Total Weight = 89.70
